[gd_scene load_steps=2 format=3 uid="uid://4k5nurdjl17y"]

[ext_resource type="PackedScene" uid="uid://c2rdgc0c3p58w" path="res://assets/models/KayKit_Adventurers_1.0_FREE/Characters/gltf/Rogue.glb" id="1_fp0j2"]

[node name="Rogue" instance=ExtResource("1_fp0j2")]

[node name="Skeleton3D" parent="Rig" index="0"]
bones/1/position = Vector3(0, 0.392064, 0)
bones/1/rotation = Quaternion(-1.11123e-10, 0.0431578, 2.57241e-09, 0.999068)
bones/2/rotation = Quaternion(-6.93889e-18, 7.10543e-15, 4.93038e-32, 1)
bones/3/rotation = Quaternion(8.27181e-25, 3.72529e-09, 0, 1)
bones/4/rotation = Quaternion(-0.559906, -0.0608803, -0.643974, 0.517779)
bones/5/rotation = Quaternion(3.65498e-08, -4.88301e-08, -0.494719, 0.869053)
bones/7/rotation = Quaternion(-0.321065, -0.325319, 0.145726, 0.87741)
bones/10/rotation = Quaternion(-0.618244, 0.0807286, 0.618012, 0.478873)
bones/11/rotation = Quaternion(2.09853e-08, 5.12855e-08, 0.517939, 0.855417)
bones/13/rotation = Quaternion(-0.319291, 0.300524, -0.22735, 0.869512)
bones/14/rotation = Quaternion(-1.02444e-09, -4.24391e-09, 0.707107, 0.707107)
bones/19/rotation = Quaternion(-5.8061e-11, -0.0313416, -1.88013e-09, 0.999509)
bones/21/rotation = Quaternion(0.996185, 0.0479136, 0.0566427, -0.045939)
bones/22/rotation = Quaternion(0.165014, 6.49414e-08, -1.11407e-07, 0.986291)
bones/23/rotation = Quaternion(-0.533729, -0.260895, -1.73018e-05, 0.804405)
bones/25/rotation = Quaternion(0.997322, -0.0294574, 0.0315293, 0.0590483)
bones/26/rotation = Quaternion(0.274008, -6.38135e-08, 1.92761e-07, 0.961727)
bones/27/rotation = Quaternion(-0.559039, 0.114513, -0.00862764, 0.82115)
bones/30/position = Vector3(0.213918, 0.0259903, 0.173866)
bones/30/rotation = Quaternion(-0.705092, 0.0533355, 0.0533355, 0.705092)
bones/31/rotation = Quaternion(9.65792e-09, 1.77955e-09, 0.985719, -0.168398)
bones/32/rotation = Quaternion(-1.04035e-07, 0.391084, 0.920355, -2.9526e-08)
bones/38/rotation = Quaternion(-5.83589e-09, 6.43837e-10, 0.994809, 0.101756)
bones/39/rotation = Quaternion(-1.04035e-07, 0.391084, 0.920355, -2.95261e-08)
bones/44/position = Vector3(0.520841, 0.788312, -0.0576373)
bones/44/rotation = Quaternion(0.794627, -9.80973e-08, 0.607098, -8.14761e-08)
bones/46/position = Vector3(-0.510844, 0.788312, 0.0597369)
bones/46/rotation = Quaternion(-0.758253, -2.06327e-07, 0.651961, -2.6433e-08)

[node name="Knife_Offhand" parent="Rig/Skeleton3D" index="0"]
transform = Transform3D(4.18024e-07, 0.262863, 0.964832, 0.999999, -3.39751e-07, -9.13908e-08, 5.14851e-07, 0.964832, -0.262863, 0.507764, 0.636705, -0.0185362)
bone_idx = 9

[node name="1H_Crossbow" parent="Rig/Skeleton3D" index="1"]
transform = Transform3D(0.988701, -0.149894, 3.99462e-07, 5.50516e-08, -4.58136e-07, -0.999999, 0.149895, 0.988701, -7.83152e-07, -0.489506, 0.745658, 0.0963389)
bone_idx = 15

[node name="2H_Crossbow" parent="Rig/Skeleton3D" index="2"]
transform = Transform3D(0.988701, -0.149894, 3.99462e-07, 5.50516e-08, -4.58136e-07, -0.999999, 0.149895, 0.988701, -7.83152e-07, -0.489506, 0.745658, 0.0963389)
bone_idx = 16

[node name="Knife" parent="Rig/Skeleton3D" index="3"]
transform = Transform3D(-3.95283e-07, -0.149894, 0.988701, 0.999999, -3.09949e-07, 7.32907e-08, 6.33905e-07, 0.988701, 0.149894, -0.491058, 0.64103, 0.10658)
bone_idx = 17

[node name="Throwable" parent="Rig/Skeleton3D" index="4"]
transform = Transform3D(-3.79543e-07, -0.149894, 0.988701, 0.999999, -2.95216e-07, 5.96047e-08, 6.21389e-07, 0.988701, 0.149894, -0.518076, 0.64103, 0.28479)
bone_idx = 18

[node name="Rogue_Cape" parent="Rig/Skeleton3D" index="5"]
transform = Transform3D(0.996275, -5.14962e-09, 0.0862353, 5.13043e-09, 1, 4.44077e-10, -0.0862353, 1.88007e-15, 0.996275, -4.17227e-09, 1.20227, 1.52591e-15)
bone_idx = 20
